19
1
53
2
3
11
0
0
0
0
11
0
57
1
0
0
0
0
0
8
0
0
0
1
2
0
3
4266
2
1
0
1
2
1
0
15
15
1
3
2
4
14
6
1
3
1
1
0
14
1
1
0
0
2
1
3
5
0
0
0
0
1
2
7
21
1
0
1
2
0
0
1
1
0
2
0
0
0
0
0
0
0
0
0
1
1
1
2849
0
3
181
1
1
1
1
0
1
3
2
1
0
0
86
3452
241
2
21
1
1
1
1
1
0
1
1
1
0
0
0
0
0
0
0
1
1
0
1
0
1
1
0
1
1
1
2
0
0
1
47
1
1
1
1
0
8
1
27
1
0
2
1
2
0
1
1
0
0
16
2
2
2
1
1
1
7
2
1
1
2
0
1
0
0
374
0
0
0
0
0
0
0
0
0
0
1
1
14
31
1
0
0
123
1
4
75
1
0
1
2
1
1
0
0
0
29
1
0
2
0
0
0
2
0
1
2
20
16
0
0
0
355
0
502
1
1
67
1
0
4
11
0
21
0
12
1
17
1
1
5
14
2
0
0
0
967
1
1
0
1
0
679
0
6499
34
16
3
85
4
1
23
1
1655
4
3
6
0
2549
0
0
0
3
0
0
0
1
0
0
0
1
1
1
1
52
0
0
0
0
0
0
1
1
0
2
0
2
8
0
80
0
386
0
0
0
0
0
4
0
0
1
1
1
0
0
1
0
0
0
0
0
1
0
13240
56
1
6
0
0
0
111628
0
0
42
101
1986
3725
1
1
0
0
0
0
0
0
0
1
0
0
0
0
0
0
0
0
0
0
0
0
0
0
0
0
0
1
0
2
8
2
11
0
0
0
0
1
0
2
1
0
1
1
1
3
1
1037
6
4
13
2
2
9
1
1
1
1
2167
0
2
0
1
0
9
1
1
13
2
2
2
0
1
1
6
147
1
2
0
235
0
100
4
1
1
1
82
1
45
1
0
1
12
15
0
1
2
1
17
11987
1
4
1
1
80826
14
7627
1189
0
4
11
0
0
0
0
0
0
0
0
0
0
0
1
38
1
0
12
0
0
1586
0
1
9
0
2
2
32
0
0
1
0
3
1
148
0
3
1
0
0
0
0
4
34
45
32
0
3
1
0
2
0
4
4
0
1
0
0
250
3
0
1
3
35
3
88
6
1
0
1
1
48
1
1
1
2
717
0
1
1
1
1
1
1
0
0
0
2
2
1
182
19
0
0
0
28617
5379
2
175
3
239
0
0
0
1
1
2472
0
2
33
0
109
10694
0
1
5
86
1
1
1
98
0
411
10
0
17
0
15
7
0
0
5
3
52
2817
1
1
0
0
0
0
0
1
0
298
0
1
1
0
3
13
400
400
400
232180
4
0
0
0
33
3
35
0
0
0
0
5
31
66
0
2
0
2
0
1
0
0
261
4
0
1
2
1
98
0
0
0
8
9
7
8
1
0
0
1
7
1
31
0
0
0
0
0
0
0
0
0
0
0
0
3
2
1
2
0
0
1
1
252943
3
4
1
0
7
10
0
0
0
0
8
9
2
33
1
1
29136
84
1
2
0
1
2
2
2
1
1
307
0
0
0
1
1
0
0
1
1
1
483904
1
0
0
2
3
0
0
1
0
0
4
1
0
13
0
0
0
0
0
0
0
0
0
2
0
0
2
0
0
2
13
0
127
8
0
0
2
0
1
11
4914
2
2
4
1
1
0
0
6
1
0
0
0
0
1
0
1
0
1651
0
0
2
286
4
1
0
24
0
0
852
1367
3
22
6
6
400
400
400
400
400
400
0
4
2
1
65
0
0
23
23
25
0
0
1
0
1
1
13
0
1
4
3
0
0
13
0
2
1
1
0
0
0
8
1
11
25
12
3
1
5
10
1
7
77
2
2815
1
198
10382
31
0
0
7
0
294
0
0
0
0
0
0
0
0
0
0
0
0
0
0
0
0
1
1
1380
0
0
0
0
0
0
0
0
0
0
0
0
0
0
0
0
0
0
0
0
0
0
0
0
0
0
0
17
87521
1
197561
0
41
1
2
0
9809
2
0
0
36405
1
0
12
0
1
1
0
1
0
0
21
3
4
2
12
0
1
0
2
3
4
1
1
0
1
1
0
0
0
4054
0
0
8
3
15
0
0
0
0
1628
6404
82
26006
442
46
2
83
1
0
0
0
0
0
0
0
717
8
1
2
71
0
0
1
9551
1
2
0
29
0
2
0
1
0
0
0
0
1
0
171
0
0
8
3
1
0
0
0
0
2
1
0
0
0
8
1
1
0
0
2
12
0
16
0
10
2
24
4
1
8
2
5
1
1
23
12
1
56
1
22167
1
46
9470
0
1
1
48488
53
2983
13
0
6
12
1
2053
12
15
5
6
0
0
0
0
0
37
4
17
1
0
1
